-5.68697E-05
-9.30839E-05
-5.85201E-05
0.000312611
-4.95657E-05
-4.93758E-05
-6.39437E-05
-4.52514E-05
-4.16188E-05
1.8105E-05
0.002077258
-4.52057E-05
-4.4827E-05
-6.48343E-05
-0.002277367
-7.28018E-05
-6.24329E-05
-0.000113537
-5.04868E-05
-4.62764E-09
-6.34752E-05
-5.53547E-05
-7.13156E-05
-4.79848E-05
-6.71208E-05
-6.43566E-05
-0.000394554
-8.96744E-05
-9.92802E-06
-4.80001E-05
-8.82661E-05
-0.370670692
-0.011523882
-0.012355316
-0.000481607
-0.056677136
0
-0.019277089
-4.48002E-05
1.16059E-07
1.07926E-07
1.81528E-07
-6.08945E-05
4.26207E-05
0.002106194
0.001858648
2.44533E-05
0.000278991
-6.05762E-05
-5.55323E-05
-4.80039E-05
0.003202272
0.089153908
-1.18821E-05
-9.29824E-05
-0.000118556
0.002840418
0.00312431
-4.62754E-05
-8.0354E-05
-0.00010817
-7.69474E-05
-9.11179E-05
-4.52094E-05
-4.03053E-05
-5.96861E-05
-4.38025E-05
-0.000110158
-6.93421E-06
-1.08223E-05
-8.81981E-05
-5.30125E-05
-9.74563E-05
-7.81081E-05
-7.12669E-05
-3.78478E-05
-6.15103E-05
-9.88672E-05
-7.56964E-05
-6.21811E-05
-4.22368E-05
1.84781E-07
-6.70227E-05
-0.00079261
-0.077635635
-4.67877E-05
0.005119112
0.000441082
0.000611668
-9.64689E-05
-6.19693E-05
-4.89278E-05
-5.07417E-05
-7.75468E-05
0.00185834
-6.33531E-05
-0.001005525
0.076880526
-0.000737173
-3.83617E-05
-0.074558032
-7.14009E-05
-6.8368E-05
-0.00061706
-0.000723675
-2.78528E-07
-4.56073E-05
3.76459E-07
-1.10362E-05
-1.16354E-07
-1.09713E-05
-0.000540721
-0.008493675
-6.68942E-05
0.053553326
0.196541978
-4.43455E-05
-0.008383595
-0.582053827
0.002196921
-0.107187788
-4.99859E-05
-8.87886E-08
-1.56593E-06
-4.58215E-05
-5.59426E-05
-7.0869E-05
-9.5859E-05
-7.5733E-05
-5.3273E-05
1.33623E-07
-9.18707E-05
-9.08813E-05
-1.41665E-07
7.00269E-05
-4.79734E-05
-7.33655E-05
-4.31174E-05
-8.70778E-05
-8.91582E-05
-1.55993E-07
-0.000418686
0
-0.000219862
0.000386881
-2.23443E-05
-6.77584E-05
-5.08688E-05
-6.50531E-05
4.55325E-05
-5.38127E-05
-7.7186E-05
-9.55658E-05
-4.68368E-05
-0.183507334
-0.279587426
0.030904333
0.556194109
-0.006191498
1.36412E-05
-0.16455914
-0.000899802
0.060191396
-0.000269542
-0.006014944
-6.56509E-05
0.000741514
-0.000864026
-9.59207E-05
-0.062238266
-9.65246E-05
-9.84827E-06
0.000125963
-6.30729E-05
-0.000130002
-4.58252E-05
-6.81281E-07
-5.62803E-05
-4.84647E-05
-5.73505E-07
7.36807E-06
-7.74711E-05
-6.41865E-07
-3.78219E-06
-5.96404E-05
-4.45215E-05
-9.94552E-06
4.4402E-07
-1.01593E-05
-1.09153E-05
-2.0056E-07
-1.07583E-05
-8.7046E-07
-5.30933E-05
-4.76663E-05
-8.28118E-07
-3.89522E-05
-1.0935E-05
-3.74395E-08
-4.47382E-05
-7.7281E-09
-1.03915E-05
-1.1137E-05
-7.32715E-05
1.88924E-08
-1.14478E-05
-2.42285E-05
-4.52957E-05
-4.47523E-05
-7.19422E-05
-3.88486E-05
-1.15508E-05
-1.37313E-06
-9.26627E-07
-1.0749E-08
-8.00753E-05
-9.81646E-07
-8.45855E-07
-1.05601E-05
-5.67084E-07
4.87734E-08
-7.37214E-07
-4.31224E-07
-1.07539E-05
-1.21134E-07
-6.69403E-07
-1.00508E-06
-9.41892E-07
-4.03614E-07
-5.10759E-07
-6.53255E-07
-1.07471E-05
-1.05209E-05
-9.35057E-05
-9.54537E-05
-4.35944E-07
1.05337E-07
-7.25539E-05
-4.50277E-05
-5.1566E-05
-8.31739E-05
-4.51037E-05
-7.77853E-08
-2.09064E-07
-1.36329E-06
1.17949E-07
-2.87885E-07
-1.09886E-06
-8.92758E-05
1.25512E-07
-2.30063E-07
-3.87852E-05
1.12158E-07
-1.00311E-06
-5.59237E-07
-1.00445E-06
-8.32857E-05
-6.62349E-05
-4.50682E-05
-5.77222E-05
-7.90206E-05
4.67978E-08
-7.05998E-08
-4.49237E-05
-1.89142E-07
-6.93017E-07
-1.09348E-05
-5.18652E-07
-1.05387E-05
2.00873E-07
-8.97438E-08
-1.80918E-07
-2.58013E-07
-5.25158E-07
-7.604E-05
-7.71259E-07
-1.63848E-07
-3.71629E-07
-7.18684E-07
-8.83025E-07
-5.4389E-08
-1.82539E-07
-1.05565E-05
-7.4331E-06
-8.70387E-05
-4.49227E-05
0.000352461
-4.96655E-05
-7.90369E-05
-0.000203308
1.79601E-05
-8.45314E-08
-5.24052E-05
-0.000234413
-2.73417E-05
-4.77267E-05
-5.48908E-05
-6.20584E-05
-9.54359E-05
-1.05169E-05
-2.37336E-05
-4.80937E-05
-7.19983E-05
7.91955E-06
-7.7523E-05
-5.52272E-06
-0.000158947
-6.68582E-05
-5.45827E-05
-4.51293E-05
-7.67927E-05
7.54397E-05
-5.00226E-05
-9.45731E-06
-7.09464E-05
-7.64424E-05
-8.7383E-07
-5.056E-05
-4.76981E-05
-9.42632E-07
-4.75889E-05
-5.16433E-05
-6.34673E-05
-6.78521E-05
-6.40591E-05