-0.025284041
-0.000204657
-0.000797878
-4.86257E-05
1.40434E-05
0
0
-1.50199E-05
0
0
1.3364E-05
0.000123528
0.064277781
0.004889331
-0.015004089
0.00025575
0.044585128
0.115658486
0.038576098
-0.185707095
0.000477897
0.001287313
7.57827E-06
0.00293762
0.014680499
4.94217E-06
-1.99556E-05
-0.001686261
-0.000416797
-0.001678678
0.003705351
5.54719E-05
-1.58857E-05
4.86258E-05
1.84865E-06
-0.004808229
2.8718E-06
0.00119178
2.25118E-05
-1.01319E-05
-1.84465E-05
0.018178478
0.000109561
0.120012638
-0.000447313
-0.07252551
-0.005166152
0.000134161
-0.000931763
-0.002775906
-0.199948213
0.073512424
0.005682922
-8.55567E-06
3.59901E-05
0.000909073
0.105299869
0.002154143
0.000605942
1.57717E-05
-0.000111061
4.87294E-06
-6.55475E-07
-1.38938E-05
-2.14023E-05
2.92785E-05
-7.86164E-07
2.1765E-06
-2.90494E-05
-1.69165E-05
-0.01076164
-2.71078E-05
-4.89781E-06
0.000142512
0.010693664
0.000744034
0.000193613
-8.4096E-05
0.000101329
0.000415449
0.004819948
1.62327E-06
-9.96051E-07
1.5489E-05
-9.6503E-05
-1.91091E-05
1.63763E-05
7.02121E-05
-7.46243E-06
-8.9623E-06
-0.000169543
-3.19644E-05
-1.87859E-06
3.66185E-05
2.75069E-06
8.57108E-06
-3.38287E-05
3.08432E-05
-2.33439E-05
-2.65158E-06
-7.18492E-06
0.000163765
-3.04713E-05
-2.80146E-05
-0.000633077
1.96486E-05
-4.39604E-05
-8.41363E-05
5.50056E-05
2.43011E-06
1.68245E-05
0.000348175
3.51444E-06
9.45261E-05
-5.4761E-06
-1.64211E-06
-0.000156646
8.62369E-06
-4.9423E-05
-5.38162E-05
-1.1691E-05
2.36419E-05
-7.14016E-06
-3.18403E-05
1.00496E-06
4.17824E-06
2.5882E-06
-2.24598E-05
-3.96319E-06
-8.11786E-06
-2.34708E-05
-1.29072E-06
-3.23689E-05
-1.55295E-05
2.42197E-06
-4.60188E-06
-6.33382E-06
-3.54016E-05
-5.20436E-06
-2.29735E-05
-2.63692E-05
-5.49909E-07
-5.27407E-06
2.51531E-06
-1.44795E-05
-1.13966E-05
1.12131E-05
-4.18382E-06
-3.68694E-06
1.27889E-05
-2.10659E-05
-1.0423E-05
1.20421E-06
2.07438E-06
1.27632E-05
-2.12532E-06
-2.92348E-06
-0.000104529
6.89716E-06
3.67092E-05
7.00152E-06
-0.000243232
-6.11335E-05
-2.7287E-05
-4.23861E-06
0
-1.09007E-05
-1.67887E-05
-2.91171E-05
2.05554E-08
-0.000389867
0.000395597
-8.41886E-06
0.000629384
3.38322E-06
2.16812E-05
-1.17453E-05
-4.68854E-06
-6.34018E-06
2.22964E-05
2.06306E-05
6.1227E-06
7.08945E-06
-2.9449E-05
-3.50152E-05
4.47587E-06
-7.9693E-06
-7.96622E-06
-1.44494E-05
-1.3443E-05
-2.97375E-06
2.6434E-05
-3.91357E-06
8.16477E-07
-6.49703E-06
9.33451E-07
-1.56302E-05
-3.47883E-05
-2.36852E-05
1.68795E-05
-1.95441E-05
-6.15833E-06
-6.51984E-06
-2.06226E-06
-3.09915E-05
-2.34958E-05
-4.19766E-06
-1.62778E-05
-1.2834E-07
4.73957E-06
-3.40459E-05
-1.88117E-05
-2.28887E-06
-1.91755E-05
-2.06648E-05
-3.18693E-05
-1.30785E-05
3.17951E-06
-1.44321E-05
-6.83862E-05
0.000119465
-1.55232E-05
-2.65633E-06
1.15452E-05
-2.97367E-05
4.41146E-05
5.93011E-07
3.52215E-06
6.38531E-06
-8.08582E-06
-1.77737E-05
7.33721E-06
-4.93956E-06
2.00385E-06
-1.85681E-05
1.09898E-05
-1.93916E-05
-0.000613874
0.002330645
-0.1839233
-0.056932391
-0.059502347
-0.000456349
-0.177135498
-0.034005153
-0.004902742
-0.037253185
0.231901701
0.001002054
0.003735843
-0.009453918
8.47995E-06
-2.38178E-05
-1.26501E-05
0.000954149
-3.50517E-05
3.29821E-05
0.000133045
4.17317E-05
8.32454E-06
-0.000302284
-0.000562473
-7.66551E-06
-0.036600175
-0.017062077
0.015788668
0.013068939
-0.004386184
1.54271E-06
-3.52695E-06
-0.532902352
0.520199537
-0.44235472
-0.162157799
-0.030079442
-3.7677E-05
-0.022028988
0.00165108
0.000551667
0.005970629
-9.5801E-06
-1.48922E-05
0.000128564
-7.2609E-05
6.12093E-05
-6.80583E-05
2.96958E-05
-0.000794162
-0.002801041
-1.78743E-05