-0.009335387
3.15357E-05
1.90297E-05
2.83254E-05
0.000617927
5.31212E-05
3.39034E-05
4.02736E-05
2.00616E-07
5.19907E-05
4.63845E-05
3.50126E-05
-1.89443E-07
4.2515E-05
-2.58408E-06
4.70928E-05
0.075929453
0.001047449
1.87574E-05
-0.007747121
1.81206E-05
0.000412306
3.01208E-05
0.054860785
2.57015E-05
2.6943E-05
0.079259317
-9.64383E-06
0.294382853
-0.240988121
-0.001567656
-1.05531E-06
0.000845423
4.85498E-06
0.000177131
4.09163E-05
0.057953886
8.80536E-06
0.002988931
-1.52877E-05
2.53629E-05
-1.99683E-05
5.08367E-06
0.002977607
2.12786E-05
-0.002854972
-1.67902E-07
-0.00092853
4.08154E-05
0.086316287
4.68167E-05
2.67319E-05
-6.29151E-07
3.84574E-05
1.30248E-07
3.14467E-05
-8.34577E-08
5.04958E-05
-1.12224E-06
5.72464E-05
-1.50016E-06
2.98866E-05
-0.000103547
-0.00179417
0.003022107
-0.086671335
0.000952639
3.56848E-06
-0.000969537
0.000102129
-1.7351E-05
1.54314E-05
2.72989E-05
3.79112E-05
6.65891E-05
6.59201E-06
4.70499E-05
0.30834066
-5.40624E-06
0.002238718
1.12596E-05
0.000262282
4.21656E-05
0.003622897
-2.36368E-06
-0.079891161
3.03091E-05
-0.041127111
0.040036782
5.22573E-05
0.00019995
3.20506E-07
2.65601E-05
2.13268E-07
0.000472143
1.20695E-06
0.000486243
2.6031E-05
4.07725E-05
6.74771E-06
3.75399E-05
5.30699E-05
7.88861E-07
7.27262E-05
2.61092E-05
4.0942E-05
1.78005E-05
1.07445E-05
4.34961E-07
6.45907E-05
-8.54838E-08
0.000232245
3.34856E-05
1.27089E-05
8.2764E-05
2.51621E-05
2.45203E-05
4.35376E-05
2.81862E-05
0.003826962
1.42038E-06
1.96052E-05
6.49188E-05
-1.89738E-06
-3.47633E-05
-5.16822E-06
2.13505E-05
2.51117E-05
4.64359E-05
5.09841E-05
-1.63057E-06
-2.43432E-06
-0.018299752
2.48036E-05
0.017368969
3.8753E-05
7.21024E-05
-1.58209E-06
-1.00089E-05
5.70635E-05
-0.00055424
4.09035E-07
-0.003709327
-0.063788883
1.15467E-05
2.83059E-05
0.000378254
0.023890581
5.80812E-05
-0.140306183
3.33845E-05
0.035481755
-0.000828956
3.34121E-05
0.000422825
3.43681E-05
-0.032204544
3.25482E-05
2.01503E-05
3.40764E-05
2.35364E-05
4.47292E-05
3.72894E-06
4.79502E-05
1.90615E-05
8.05026E-06
3.13905E-05
-5.10766E-06
2.60062E-05
-1.02411E-06
-1.86943E-05
1.92253E-05
-9.40966E-06
2.23906E-05
-3.49499E-07
4.44665E-05
5.75569E-06
3.99208E-05
0.002199987
3.9942E-05
-5.17796E-06
2.56123E-05
2.89255E-05
4.89304E-05
5.7227E-05
-1.23768E-06
2.3271E-05
0.000163383
4.85379E-05
3.72892E-05
3.65239E-05
8.07369E-05
2.80388E-05
4.26965E-05
4.01044E-05
8.14667E-06
0.000162866
-3.80022E-05
0.001243923
1.25049E-05
4.89336E-05
3.53008E-05
-2.00271E-06
2.77939E-05
2.12653E-05
3.3565E-05
-3.54385E-07
3.60019E-05
-1.2883E-06
-0.006658548
1.44126E-06
0.000345011
1.1137E-05
3.71643E-05
2.94838E-05
9.74646E-06
9.64741E-05
9.22823E-05
3.03612E-05
-0.001027223
0.00113356
0.006129452
4.15821E-05
2.66916E-05
7.95774E-06
-0.000555547
-3.25218E-07
4.21718E-05
1.94829E-07
0.000937527
2.51677E-05
2.26526E-05
2.92107E-05
2.84272E-05
5.74707E-05
3.06828E-05
7.28495E-05
2.72108E-05
1.33415E-05
0.000227372
1.28808E-05
9.47798E-06
4.45624E-05
3.7244E-05
1.93158E-05
-0.000381227
1.91527E-05
-0.000259264
3.83061E-05
-2.91443E-06
2.81142E-05
3.78423E-05
4.61366E-05
3.74673E-06
4.4359E-05
2.84408E-05
4.30109E-05
-6.93969E-05
2.82293E-05
-0.000173468
6.94749E-05
2.85141E-05
3.4934E-05
2.68166E-05
1.82211E-05
-0.003041276
9.98771E-06
0.006264695
1.59326E-05
1.88747E-05
5.79048E-07
0.000241135
1.86382E-05
6.52668E-06
5.75379E-05
-0.000255372
3.2785E-05
3.95078E-05
6.16155E-06
3.95808E-05
3.02907E-05
3.11218E-05
0.000347752
2.72578E-06
1.42248E-05
4.07726E-05
1.70432E-05
8.22932E-05
-0.000134893
0.000240906
4.31516E-05
-8.12806E-08
2.60619E-05
0.000133659
1.83208E-05
-0.00035269
-5.30179E-08
3.22604E-05
-4.90329E-07
5.04994E-05
-1.91124E-06
5.11227E-05
-1.38123E-06
-0.000112097
2.8673E-05
2.10754E-05
9.40034E-06
4.64628E-05
3.27792E-05
3.46522E-05
-3.79209E-06
6.82653E-06
6.93411E-07
6.00125E-05
0.018830334
3.46327E-05
-0.00016564
4.78309E-05
3.04761E-05
4.35421E-05
6.79012E-05
5.02849E-05
4.67918E-06
0.000599793
-0.002863609
9.37927E-05
-0.002129135
6.6871E-05
-0.000524261
1.50727E-05
-2.00734E-06
3.91302E-05
4.71225E-05
2.11124E-05
6.0097E-05
1.96101E-05
0.000649652
3.98836E-05
1.85725E-05
0.000138558
-0.003618287
5.12678E-05
8.4967E-05
3.73766E-05
2.81482E-05
1.32702E-05
-0.003309329
4.55283E-05
-0.000115624
2.05354E-05
9.64139E-07
1.03262E-05
1.04347E-06
-0.000201444
3.07779E-06
4.52042E-05
0
0
4.54391E-05
-9.89514E-07
3.93089E-05
-5.4521E-07
2.75603E-05
-1.5132E-06
3.91484E-05
9.03243E-05
4.63604E-05
0.000113812
4.44691E-05
1.76911E-05
4.78108E-06
6.16194E-06
0.000245167
2.37383E-05
7.68197E-05
0.000107448
-6.65863E-05
5.17846E-05
2.22077E-05
4.4282E-05
1.66431E-05
4.61633E-05
0.001030898
3.54944E-05
0.000584444
3.87026E-06
-0.00321207
1.51378E-05
-0.004016291
0.000132712
1.09221E-06
3.81627E-05
2.45768E-05
5.3731E-05
-0.000173424
3.35639E-05
2.15606E-05
3.05236E-05
-8.09676E-07
3.77132E-05
-0.000691169
8.49993E-06
-5.91908E-06
0.001188676
1.22994E-05
3.90892E-06
2.61528E-05
2.74293E-05
7.84837E-06
8.45093E-06
3.58302E-05
2.87326E-05
2.17526E-05
3.91345E-05
2.59433E-05
3.04185E-05
-0.000299549
3.24602E-05
3.78072E-05
1.50929E-05
3.31302E-05
2.78196E-05
-0.008362504
2.42808E-05
0.006087496
3.58755E-05
2.70638E-05
-5.91736E-06
4.41377E-05
3.43201E-05
3.50221E-05
9.64135E-06
1.29657E-05
9.88343E-06
-1.25959E-06
1.64115E-05
1.06504E-05
-7.10775E-06
2.03629E-05
2.91762E-05
3.33998E-05
-6.64021E-07
-3.11543E-05
5.97337E-05
1.15272E-05
4.36526E-05
-8.59022E-06
1.43401E-05
-1.21318E-06
4.68405E-05
3.4341E-07
1.26336E-05
-5.11813E-08
8.03181E-05
2.27638E-06
5.55391E-05
2.38327E-05
6.0563E-05
-0.000312026
0.000136479
5.19784E-05
-0.010798213
8.05934E-06
0.010669574
6.85769E-09
4.81075E-05
4.07138E-06
4.16224E-05
-9.03717E-07
4.32486E-05
1.20434E-05
8.3646E-06
4.53093E-05
3.89167E-05
0.000113183
3.17977E-05
0
7.42815E-05
1.86069E-06
0.000115482
-3.75296E-06
5.5225E-05
-7.57369E-08
6.54252E-05
2.02846E-07
4.92888E-05
6.30586E-06
4.25496E-05
3.33163E-05
1.1674E-05
4.25203E-05
3.12445E-05
1.78404E-05
-0.000203304
0
2.06046E-05
9.03291E-05
-3.80295E-05
-1.5527E-06
0.001628586
3.38186E-05
3.6858E-05
3.10424E-05
3.57407E-05
1.57025E-05
2.41679E-05
3.98836E-05
0
0
-5.04424E-06
2.77639E-05
5.75478E-06
2.50891E-05
4.64522E-05
2.26121E-05
1.99382E-05
-1.19423E-06
5.60505E-05
3.9093E-05
3.86091E-05
1.84096E-05
-0.000131455
2.40437E-06
5.30256E-05
2.43204E-07
9.85146E-06
-1.5527E-06
-0.000282043
5.58619E-05
9.72611E-06
-0.000344124
2.96226E-06
3.13495E-05
1.66761E-05
3.12351E-05
4.05771E-05
-2.15418E-06
1.46677E-05
0.017178926
9.24525E-05
0.000309872
9.26948E-05
-4.92132E-05
-0.079629085
0.012703336
0.04539894
-0.000524822
0.050740133
-0.057276284
-0.051749402
3.16198E-07
-0.005748775
-0.001250301
3.45809E-06
4.59879E-05
3.24087E-05
0.001266678
2.48753E-05
0.071970033
-9.31478E-05
2.39013E-05
3.10832E-05
-0.089784574
5.79366E-06
0.018317926
2.0627E-05
0.003209066
-0.009725629
0.018304942
2.43848E-05
0.004042198
-0.01088293
0.000250092
3.18013E-05
0.000558744
2.2605E-05
0.021232255
-0.021483377
-0.06608481
0.065002176
-9.65574E-05
-5.86648E-06
-0.004291861
3.00955E-05
1.98887E-05
1.60832E-05
1.79483E-05
3.42526E-05
5.46217E-05
2.52473E-05
3.16231E-05
5.12016E-05
7.34736E-06
3.14476E-05
-0.000449038
1.03371E-05
-0.070878651
5.47336E-05
-0.04176854
0.000884612
-0.010788517
5.573E-05
0.015209953
-0.000489175
0.00491036
-0.053763206
0.005311533
-1.26109E-05
-0.000599411
1.05135E-05
0.000607319
3.49529E-05
0.000685511
3.7215E-05
0.010022359
3.50458E-05
-0.008437299
4.37691E-05
7.71365E-06
3.64671E-05
3.10404E-05
0.000338488
-3.12721E-05
2.99557E-05
-0.000633267
8.8874E-05
0.001355609
-9.95141E-07
-0.094100441
0.054002098
0.062104534
2.80128E-05
0.182014564
-1.12373E-05
0.053165748
-0.058787039
-0.054168137
-2.61163E-06
-0.002201001
0.005850288
4.73862E-05
6.46499E-05
4.66008E-07
0.000407338
-0.000680501
6.45993E-05
-0.003734836
6.50334E-06
-0.000105154
0.000515399
-1.0711E-05
3.24392E-05
-0.000382991
3.02204E-05
-0.017263024
0.000356019
-0.001283576
3.98761E-05
-0.000195692
0.009829649
1.18067E-05
3.9048E-05
2.99596E-05
3.08197E-07
4.17255E-05
-7.04774E-07
-0.028034817
2.89866E-05
0.001119314
1.73508E-05
-0.011003704
5.32719E-05
4.71642E-06
-2.04145E-07
0.00015342
4.46253E-08
0.000430856
4.05617E-05
-9.2291E-07
2.73836E-05
2.01447E-05
0.067730064
1.18293E-05
-0.09194196
1.85897E-05
-0.005425973
2.3658E-05
-0.003193943
6.65866E-05
0.003420807
4.20421E-05
1.22005E-05
4.50211E-05
0.102097392
-0.000103874
0.002893157
3.38586E-05
3.87014E-05
7.89463E-05
4.33385E-05
0.000270697
-0.000596411
0.000208891
4.40097E-05
3.05367E-05
0.004922396
2.24084E-05
0.000144388
-1.73893E-06
0.000119434
-2.04686E-07
1.26386E-05
5.79056E-07
7.2709E-05
-7.94357E-07
5.09302E-05
-3.61702E-07
-0.010020278
3.83612E-05
-0.003979182
2.40862E-05
-0.000413868
1.62898E-05
-5.46758E-05
-2.07369E-06
6.10745E-06
0.000108499
-7.17552E-05
3.3033E-05
-7.12639E-05
3.93041E-05
-0.072779029
-7.65175E-06
2.81384E-05
1.10189E-05
0.001105442
-0.000174223
0.000725018
-0.00010554
3.40471E-05
-3.76824E-05
-0.025752746
9.93893E-06
4.79951E-07
2.44269E-05
4.47659E-05
1.86369E-05
5.14283E-05
0.001621752
0.000504121
3.88552E-05
0.000408932
3.09925E-05
-2.81825E-06
4.93076E-05
0.005702925
2.53128E-05
-0.023759839
0.024054871
0
5.47693E-05
0
0.046971999
-1.7139E-05
5.20287E-05
-4.42769E-08
-0.000147425
3.85989E-05
-0.101857724
5.05125E-05
5.25605E-05
1.33114E-06
7.70342E-05
2.69096E-05
2.02014E-05
7.69164E-05
2.42565E-05
3.88097E-05
6.62751E-05
2.74064E-05
4.92648E-05
7.48364E-06
0
0
0
0
3.50869E-05
0.00074855
4.57229E-05
3.09623E-05
1.09681E-05
0.002204142
-1.74985E-05
2.88861E-06
1.57553E-06
2.98875E-05
-7.92004E-06
3.51005E-05
2.7079E-05
-1.34993E-06
9.23097E-06
1.79417E-07
-9.50413E-06
-1.10939E-06
1.68405E-06
1.46776E-05
-7.38264E-05
1.24842E-05
2.8279E-05
3.05227E-05
1.28799E-05
-4.26534E-06
2.93632E-05
2.95547E-05
-5.41976E-07
5.04139E-06
1.00498E-05
5.0139E-05
-0.000220114
3.59069E-05
2.53062E-05
-1.88231E-06
8.90652E-06
2.44671E-05
2.01142E-05
-5.11786E-07
1.57858E-05
7.79033E-06
2.62174E-05
2.04822E-05
1.24708E-06
3.10965E-05
2.64713E-05
3.01145E-05
1.75268E-05
3.45405E-05
5.20598E-05
-6.00878E-06
7.7074E-06
1.60249E-05
1.92661E-05
1.9612E-05
3.71331E-05
4.19272E-05
-2.60395E-05
1.19763E-06
7.42249E-05
4.35108E-06
1.50235E-05
9.19223E-06
1.29114E-05
3.47705E-05
4.23259E-05
2.60745E-05
2.82323E-05
-4.30434E-06
1.40403E-05
5.48132E-05
2.33235E-05
7.6306E-05
-0.007889408
5.58059E-05
0.00055079
-2.0394E-05
5.17416E-06
2.41438E-05
-4.1206E-07
2.29579E-05
-1.94443E-07
2.63846E-07
0.00019281
4.65458E-05
-0.000133949
3.64586E-05
3.55275E-05
0.000224126
2.95781E-05
0.000195797
0
0
0
0
-7.13802E-05
6.19774E-05
-0.000166037
-0.000139247
3.96677E-05
1.40285E-05
-2.20572E-05
2.36278E-05
0.001942896
4.09547E-05
4.28909E-05
2.10737E-05
-0.000668432
0.000739811
-0.000498057
0.000298947
2.70327E-05
2.20824E-05
-0.000618073
5.00512E-05
0.003397938
-6.39213E-08
-0.006340506
1.70125E-05
-0.001527576
2.27667E-05
-0.014694219
-7.63345E-06
0.014810739
-2.1115E-06
0.000117813
3.23642E-05
5.12924E-05
2.87187E-05
-0.000129952
0.000215568
9.96291E-05
2.65388E-05
2.347E-05
2.42272E-05
0.001641315
2.99426E-06
-0.001365239
7.71346E-08
3.67921E-05
-3.2536E-05
-0.000173226
3.362E-05
-2.00977E-06
2.12305E-06
-7.09335E-05
1.12097E-05
-9.15309E-06
2.70272E-05
-1.4785E-06
0.015018122
3.62682E-06
0.013123171
-0.014787361
-0.016540617
0.013201578
0.006231135
-0.019059797
2.702E-05
-0.002907742
4.45018E-05
8.79313E-05
1.10834E-05
5.17695E-05
-3.79418E-06
-0.000193569
2.61846E-05
0.012820368
3.04885E-05
2.95129E-05
3.70194E-05
3.01302E-05
3.62791E-05
3.12978E-05
5.07288E-05
-5.71778E-06
4.46327E-05
9.54873E-05
1.46764E-05
-0.00187681
2.41668E-05
-0.001577726
2.5359E-05
-0.000101115
2.94654E-05
-0.008518754
4.1485E-05
-0.013616652
5.38166E-05
-0.004016478
4.11091E-05
-0.005144934
-3.05442E-06
-0.000995841
2.48031E-05
-0.001083046
4.87743E-05
-0.000260843
5.46711E-05
-0.000479017
2.99225E-05
-0.493881075
-0.636566594
5.27159E-05
0.898225052
4.95524E-05
-0.178964886
4.74919E-05
-0.000435127
4.01969E-05
-0.000535046
4.98879E-05
0.000197825
5.63417E-05
-0.000115516
4.81086E-05
-0.048845347
-0.131524052
-0.047480923
-0.030069727
-0.008961933
0.00039307
-0.014508662
0.00011733
-0.00928964
7.93453E-05
-0.005799334
0.000439409
2.61396E-05
1.56364E-06
-6.85901E-06
-3.13923E-06
1.67525E-05
2.51859E-05
-7.61106E-06
8.56366E-06
1.98148E-05
3.2869E-05
-8.97925E-06
2.74691E-05
4.32093E-05
3.87911E-05
2.57223E-05
2.10464E-05
4.36421E-05
0.054441126
3.11105E-05
0.000965862
2.61934E-05
0.036232003
3.83057E-05
0.115378676
3.48704E-05
-0.004449037
0.000160857
-0.000546426
0.00010046
-0.000852362
0.000151365
-0.002845128
0
0
0
0
0.002077047
-0.001633546
0.046099584
-0.080845024
0.028978508
-0.003494416
0
0
-0.002251515
-0.00410676
-0.013357663
-0.012995437
-0.0025518
-0.005890406
2.83616E-05
-0.009145859
5.20138E-05
-0.007634303
3.29821E-05
-0.003727192
2.04752E-05
-0.003270172
1.37298E-05
-0.004023215
5.19961E-05
-0.001138107
5.28627E-05
-0.001850838
3.0679E-05
-3.06736E-05
4.59559E-05
-6.16172E-05
2.7926E-05
4.90093E-05
2.56624E-05
-6.65771E-06
5.23657E-05
0.114641607
-0.126389214
0.032731494
-0.034942259
0.0939741
-0.095986737
-0.077700769
0.083000859
-0.000907152
0
-0.015720347
3.57861E-05
-0.001894783
3.4883E-05
-0.014285685
1.52402E-05
-0.002658562
2.36074E-05
-0.000951494
-0.000642012
-0.000489232
2.05315E-05
2.45027E-06
2.85304E-05
-0.038726245
-0.286818664
0.213253616
-0.140420449
-0.074829277
-0.081602807
-0.262770106
0.32965834
0.14011376
0.009124726
0.017823806
0.037169405
0.290438927
0.001261374
0.167999948
0.109604162
-0.002232029
0.143246548
0.000523356
1.30717E-05
0.005393936
0.011739233
0.057966179
0.00122471
-0.002607049
2.0763E-05
0.316941571
-0.325474499
0.203819509
-0.237531934
0.112849825
-0.13208397
-0.000625235
0.000694757
0.166939414
-0.177938268
-0.340859036
-0.205526705
-0.115449092
-0.190832112
0.013552891
9.88926E-05
0.00163062
0.003216802
-0.00072516
-0.001057813
-0.001309498
-0.000643685
-0.008759644
-0.009313812
-0.005350284
-0.006660147
-0.037094538
1.30108E-05
-0.001769338
3.89194E-05
5.3094E-05
0.000467327
5.21027E-05
-9.30951E-06
4.14644E-05
2.70194E-05
1.04062E-05
3.25076E-05
0.0004749
3.97464E-05