0.00471664
0.000251716
-0.000173751
0.00017795
6.69222E-06
1.8604E-05
1.41554E-05
-4.47732E-06
9.76132E-06
0.000324883
1.26562E-05
-0.001467313
-6.03954E-07
-0.027673226
5.76332E-05
-9.0188E-05
1.67565E-05
-2.90527E-06
1.73307E-05
-0.001492284
0.000100927
-0.007814339
0.000113137
0.011375283
1.07698E-05
0.000202186
1.04515E-05
-0.008794456
1.15584E-05
1.87816E-05
0.091737432
-0.000382928
-0.000686491
-8.15438E-06
-3.36532E-05
1.17904E-05
-0.079255905
1.45139E-05
-0.002915513
1.6786E-05
0.021402466
6.07957E-06
0.000154679
0.082668603
3.54454E-05
-4.38887E-05
1.38544E-05
7.64904E-05
1.78383E-05
8.56104E-06
1.62378E-05
1.1542E-05
-5.34069E-06
0.074588356
5.90393E-06
0.009368752
1.11673E-05
-0.000116282
1.11515E-05
0.000639858
1.96184E-05
0.00053519
1.66345E-05
-0.000501116
0.000344748
0.002972469
2.06878E-05
0.001694902
1.736E-05
-0.012324927
-1.37151E-05
0.001932628
1.09025E-06
0.000327474
-0.000533755
0.015079903
6.39355E-07
0.057700149
1.495E-05
0.004869169
8.01613E-06
-0.031631392
2.44354E-05
0.007049096
1.58E-05
0.129093468
5.12347E-06
-1.43382E-05
0.067442389
-0.156668474
0.000830314
-1.98467E-07
-2.83867E-05
0.001318043
-0.027749325
2.1132E-05
1.87262E-05
2.14526E-05
3.87553E-06
2.46596E-05
2.77371E-05
1.79577E-05
4.62132E-05
3.24043E-05
2.21713E-05
8.88574E-05
-0.000981632
2.81033E-05
-0.019025299
4.57449E-05
-0.000390978
1.00637E-05
0.00484131
-2.37852E-05
0.000485244
2.87954E-05
-0.000350133
-1.14007E-06
4.03348E-06
2.00732E-05
-0.00076593
5.99666E-06
-4.70022E-05
-1.08009E-05
-0.004395111
2.45135E-05
-0.003491658
0.000242887
6.19766E-05
2.57493E-05
-2.07855E-06
2.87169E-05
6.52033E-05
1.42932E-06
0.003434591
-7.63646E-05
0.000555342
1.98079E-05
1.40439E-05
0.000445794
1.69729E-05
3.27484E-05
1.13876E-05
0.000200177
1.25679E-05
0.031035482
1.79194E-06
1.25706E-05
0.001260046
-0.002555013
0.000173394
-0.000106627
-0.00020507
0.000275273
-0.000549692
5.26964E-05
0.000226877
1.24224E-05
0.000584906
-6.45504E-06
-0.000162296
1.27369E-05
-0.018910404
1.77984E-05
0.000151464
2.14341E-05
1.59355E-05
-4.11852E-06
6.77291E-06
0.001174568
2.57893E-05
5.30912E-06
1.65234E-05
0.001357411
-0.000463929
0
-0.000491756
1.30084E-05
-0.000520627
-3.82086E-06
-0.02832895
1.19291E-05
1.6801E-05
2.31188E-05
-0.000265801
5.29219E-06
-0.000606204
2.31996E-06
-0.00121314
-1.92534E-05
0.000121192
-2.47554E-06
0.000132734
1.22433E-05
1.35046E-05
0.000187983
-4.21497E-06
-1.21347E-06
-0.020430437
0.000344865
-0.001228972
0.001113595
0.019858797
1.91889E-06
-0.001504301
8.9515E-06
-0.00304002
1.24275E-05
-0.000165375
7.71822E-06
-0.000641526
0.000205456
1.30297E-05
0.000135207
-0.003530764
-0.000155924
1.09403E-05
2.25176E-05
0.000392638
0.004397394
1.54133E-05
0.001853771
8.60648E-06
0.002545763
-4.66556E-06
0.00059524
8.61893E-06
0.001051534
9.77293E-06
0.000140122
1.67623E-05
5.135E-05
2.24614E-05
-0.000512512
0.003061303
2.14357E-05
0.000131963
-2.16561E-06
0.000900765
-8.31599E-05
1.42583E-05
-0.005841028
3.46658E-05
-0.023120101
3.75746E-06
8.81456E-06
1.81731E-05
-0.001411477
5.67272E-05
-0.004708055
0.001820062
0.01831276
-9.48362E-07
0.000401122
-0.000657496
0
0
0.000198473
5.16794E-06
6.91753E-06
2.20558E-05
-0.001699969
1.76614E-05
-0.000151909
2.32823E-05
-0.003991265
2.14808E-05
-0.000119408
9.56882E-06
-0.004624313
2.1192E-05
1.56264E-05
1.91734E-05
-7.05827E-05
0.000147268
-3.89383E-05
-2.18387E-06
3.67869E-05
2.61034E-05
0.000368116
1.38543E-05
-0.000366153
0.001546509
-0.000586918
2.26093E-05
-0.001190722
8.23707E-06
3.06402E-06
1.71732E-05
-0.005523537
2.64874E-05
-0.000104687
4.65617E-05
8.7158E-06
3.16423E-05
0.002705745
-0.000222839
-6.93218E-06
3.4691E-06
1.72286E-05
-3.44644E-06
2.62646E-06
1.75058E-06
8.20887E-05
2.33502E-05
-0.000976834
1.56166E-05
0.000188002
1.02531E-05
3.78128E-05
-0.000338048
0.010228294
3.07882E-06
0.000188473
1.66839E-05
1.82766E-05
0.020078321
-0.038094998
1.35763E-05
0.045314094
-0.045802232
0.004229951
-0.000750814
1.46356E-05
-0.012028564
1.60244E-05
-0.001114515
9.64611E-05
4.05864E-07
0.000105613
-0.117764875
2.23653E-05
0.012933137
8.08341E-06
0.019491888
5.7885E-06
-0.018419265
6.08088E-06
0.057401348
-0.000107448
0.006134042
-4.87562E-05
9.93132E-05
-0.010516764
4.88411E-05
-0.011278392
1.11479E-05
3.18865E-05
1.80767E-05
-0.000895087
7.65016E-06
-0.00107814
-2.14833E-05
-0.000336758
1.42363E-05
-0.005399486
6.54597E-06
-0.000884931
6.75286E-06
-0.00184364
2.28533E-05
0.006239612
-2.20485E-06
-0.006940818
9.2272E-07
0.000729469
8.53452E-06
-0.015972052
2.09641E-06
0.002624496
1.99235E-05
-0.00033307
2.84361E-05
-0.000592307
4.66146E-05
-0.007366956
1.90131E-05
0.007476519
6.8326E-06
-0.01857548
9.41934E-06
0.002155189
1.99032E-05
0.002453967
-2.77737E-05
0.003714323
1.74211E-05
0.002169421
1.41612E-05
-0.00052944
3.74628E-06
-0.00056431
8.68818E-06
0.000245074
-2.12553E-06
-0.000507462
6.15668E-06
0.000374911
8.85657E-06
-0.000117904
1.24269E-05
-0.000633454
4.68502E-06
0.016680239
-0.017057621
-0.019202314
1.27572E-05
0.002798505
-0.022385844
0.014224422
-0.007732558
2.94038E-07
0.000362055
1.23464E-06
-1.04677E-05
1.26608E-05
-5.26804E-05
9.92253E-06
-5.39786E-05
0.003035312
-0.00044261
2.39836E-05
-1.79449E-05
-3.4466E-06
0
0
0.000421698
1.68402E-05
7.99746E-05
2.58255E-05
0.000125869
4.91383E-06
0.000147899
9.80247E-07
3.30422E-05
1.15118E-05
1.19963E-05
0.000401589
2.65079E-05
6.73316E-07
1.58571E-05
1.09343E-05
5.76374E-06
5.81419E-05
-2.04484E-05
2.53281E-05
-1.79356E-05
-1.991E-05
4.24915E-05
1.36026E-05
1.12625E-05
2.63638E-05
-1.34288E-05
1.05627E-05
2.13508E-05
5.99114E-06
-8.03262E-06
1.67529E-05
4.0802E-06
1.35442E-05
-4.18699E-05
2.23218E-05
-7.45428E-06
6.30752E-06
0.019112895
-0.019484876
4.16765E-05
-0.0001562
-7.13083E-06
-0.000360359
1.5169E-05
3.51087E-05
-5.80342E-05
1.05308E-05
0.000225291
-0.000330979
7.11546E-06
-0.002311947
2.28116E-05
1.65544E-05
-8.22841E-07
-0.000796838
6.93756E-08
0.011136231
1.16872E-05
0.001291736
1.26929E-05
-1.34667E-06
2.18302E-05
-0.002467254
2.57558E-05
0.000283818
1.01828E-05
-0.005725907
-1.07889E-05
5.45407E-06
-5.53523E-07
0.001834629
1.02308E-05
-0.002964051
1.68113E-05
-0.000348829
2.20625E-05
-0.005155588
1.85987E-05
-0.000784952
8.04283E-06
-6.00381E-05
1.36163E-05
-0.001336962
1.25411E-05
-2.73894E-05
9.44781E-06
-0.002939214
2.26641E-05
2.12485E-06
4.78467E-06
2.109E-05
-1.60279E-06
5.04517E-07
2.71265E-05
-0.000178761
4.79778E-05
-7.93722E-08
4.4609E-06
1.56591E-05
-7.3143E-06
2.43229E-05
5.57557E-06
7.61816E-06
3.12642E-06
8.64507E-05
2.21176E-05
3.81356E-06
0.00049625
4.39994E-05
0.000245613
6.54467E-05
0.000201733
1.36783E-05
4.59768E-05
-0.000215506
0.000620922
-0.003385676
2.82456E-05
-0.008384126
1.61648E-05
-0.004468898
7.42416E-06
-0.004245904
5.74961E-06
-0.000827454
7.45586E-06
-0.000905914
1.13528E-05
-0.000538847
1.35444E-05
-0.000418939
4.51579E-05
-0.065376499
8.29735E-06
-0.046802581
1.36456E-05
0.004749494
-5.96962E-06
-0.068044924
-1.67595E-05
-0.006011825
0.000514214
-0.018095723
0.000107063
-0.016515324
8.65898E-05
-0.00992849
4.33272E-05
-9.69149E-05
1.83281E-05
-0.000294272
1.69922E-05
-0.000132144
1.57284E-05
-0.000152222
2.80978E-06
-0.004934764
0.003983085
-0.016848232
0.000727271
-0.015415673
0.000535879
-0.009052181
0.00022899
1.18569E-05
-1.98707E-05
-2.5957E-05
2.27431E-05
-3.09243E-05
8.80476E-06
4.6249E-06
2.46217E-05
1.02768E-05
1.50943E-05
-1.10921E-05
1.75066E-05
-4.01206E-06
1.7175E-05
2.32971E-05
3.86568E-06
-0.003054386
0.00010734
-0.009481893
9.17736E-05
-0.008976791
7.61484E-05
-0.005163915
5.41095E-05
2.79857E-05
3.39441E-05
1.85276E-05
1.94283E-05
1.16694E-05
1.44514E-05
-9.98796E-06
2.66194E-05
2.45713E-05
2.05506E-05
1.48633E-05
2.67614E-05
-0.006799322
1.36156E-06
0.000538905
-0.001554377
0.029914884
1.17577E-05
0.000304729
-0.000906484
0.000318657
-0.000732712
0.015447624
1.19551E-05
0.000376158
-0.001162053
0
0
0
0
0
0
0
0
0.000206553
0.000134004
0.004894059
-1.11325E-05
4.89461E-05
-4.3056E-05
0.000484976
-0.00013902
-0.002900617
-0.002371352
6.02078E-05
5.45996E-05
-0.001378564
0.001033035
-0.001106167
0.000983484
0.010649866
-0.010286263
-0.004901608
0.004916375
0.030695452
-0.030644244
0.015136198
-0.015595822
-0.088728702
0.020042884
0.105225868
-0.010166821
-0.205522054
0.023001005
0.086480395
-0.008660032
0.090985893
-0.005033643
-0.299036443
0.045020538
-0.122444314
0.019688394
0.070983116
-0.003799463
0.009796574
-1.70238E-07
0.008344228
1.45757E-05
0.004838402
5.43929E-06
0.003643874
-1.54572E-06
0.059446274
0.038455816
0.017506705
0.020394475
0.036148253
0.014053399
0.077111949
-0.078438994
0.073805507
-0.079500877
0.073930303
-0.078869949
0.043151575
-0.049712615
-0.142518686
2.95636E-06
-0.110041764
2.07661E-05
-0.108207485
1.91619E-05
-0.065986437
2.02878E-05
-0.032321221
-0.043878434
-0.040593699
-0.02624491
-0.000557741
-0.006579881
0.000448291
-0.00045186
-0.001001662
-0.000379957
