8.982250524180697138e-01
-6.365665942137164190e-01
-4.938810750337945810e-01
-3.408590362834334475e-01
-3.254744985328735241e-01
3.296583399501733513e-01
3.169415705019399399e-01
3.083406597536716420e-01
-2.868186637551680684e-01
2.943828527307577603e-01
2.904389272218682039e-01
-2.627701057475152480e-01
-2.409881209399091229e-01
-2.375319337743301562e-01
2.132536160180440177e-01
-2.055267048405620967e-01
2.038195093207747777e-01
-1.908321119917323894e-01
-1.779382682055642151e-01
1.820145637492995572e-01
-1.789648864654627414e-01
1.669394136187865862e-01
1.679999484037312529e-01
1.432465477257052200e-01
-1.403061833970079553e-01
-1.404204486332737700e-01
1.401137602103947610e-01
-1.320839695917089274e-01
-1.315240518759108745e-01
-1.263892135158124486e-01
1.153786759071326884e-01
-1.154490924543144365e-01
1.146416069175443114e-01
1.128498251790848589e-01
1.096041619646976883e-01
-1.018577238645555355e-01
1.020973924220772711e-01
-9.598673677228634904e-02
9.397409957915264789e-02
-9.410044087683490377e-02
-9.194196000375474964e-02
-8.978457441577870901e-02
8.631628667265138499e-02
-8.667133528237663809e-02
8.300085930302099346e-02
-8.084502412518734804e-02
-8.160280678588832659e-02
-7.962908482741187788e-02
-7.989116101409715620e-02
-7.770076879511551848e-02
7.925931682574567649e-02
7.592945343413266823e-02
-7.482927666210666129e-02
-7.277902871829927678e-02
7.197003273029325965e-02
-7.087865055415064341e-02
6.773006386559037029e-02
6.500217649429620992e-02
-6.608481001436267155e-02
-6.378888343114384740e-02
6.210453439516244040e-02
-5.878703882710090145e-02
-5.727628380632286687e-02
5.796617867155676174e-02
5.795388570597049399e-02
-5.416813665850367387e-02
5.486078467365829853e-02
5.400209806766551046e-02
5.444112608530701780e-02
-5.376320556530847505e-02
5.316574779832619613e-02
-5.174940171078719342e-02
5.074013264507630516e-02
-4.884534658227899367e-02
-4.748092329178411203e-02
4.697199894396181935e-02
4.539893969924047035e-02
4.609958430500903787e-02
-4.176854019336544155e-02
-4.112711119840116447e-02
4.003678181111661877e-02
-3.872624478021882699e-02
-3.709453794798187043e-02
3.716940543015039011e-02
-3.494225912323847133e-02
3.623200284674223809e-02
3.548175474467857998e-02
-3.220454391448145798e-02
3.273149408298520885e-02
-3.006972689615949185e-02
2.897850785065810009e-02
-2.803481654346964488e-02
-2.575274618437502563e-02
2.405487117240124456e-02
-2.375983900073371999e-02
2.389058119176200659e-02
-2.148337666649240488e-02
2.123225458577832417e-02
-1.905979733855562783e-02
1.883033360131453060e-02
1.830494152857506385e-02
-1.829975236004106887e-02
1.831792563425055365e-02
1.782380647784749875e-02
1.736896881361247799e-02
-1.726302421197751374e-02
1.717892622251813647e-02
-1.654061723498127801e-02
-1.572034709285567711e-02
-1.478736145692602193e-02
1.501812218099336099e-02
1.520995315333883643e-02
-1.469421913138921690e-02
1.481073896206615628e-02
-1.450866225654228424e-02
-1.428568489348481206e-02
-1.361665209074994047e-02
1.355289096566807301e-02
-1.335766319048070812e-02
1.320157784484849925e-02
1.312317073489661923e-02
-1.299543711460122465e-02
1.282036767766682114e-02
1.270333628765764854e-02
1.173923349863357016e-02
-1.079821317173021954e-02
-1.100370437156067589e-02
-1.088292961145296243e-02
1.066957429647449364e-02
-1.078851693146205305e-02
1.002235936843142924e-02
-1.002027759900220999e-02
9.829649052820316896e-03
-9.313811628174713600e-03
-9.725628899690069024e-03
-9.335386678363734314e-03
-9.289640060796579626e-03
-8.759644103649235486e-03
-9.145858770154351516e-03
9.124726262333585081e-03
-8.961933390884713538e-03
-8.437299210899704485e-03
-8.362504447379875971e-03
-8.518753518799666857e-03
-7.889408472776930983e-03
-7.747120998054692412e-03
-7.634303082489595285e-03
-6.660147217019198561e-03
-6.658548208008141338e-03
-6.340506045185498665e-03
6.129452293052940065e-03
6.231134648458617684e-03
6.264695143694379124e-03
6.087496195336363804e-03
-5.748775070610791758e-03
-5.890405948708868876e-03
-5.799333803542999766e-03
5.850287877761623824e-03
5.702924882067660940e-03
-5.350283933579457613e-03
-5.425973065292294742e-03
5.393935514749689797e-03
5.311533175692794741e-03
-5.144933722368073316e-03
4.910359988702590710e-03
4.922396354140534495e-03
-4.449036830504838474e-03
-4.291860838480137524e-03
-4.106759944087616000e-03
-4.023214739875851341e-03
-4.016477776737887619e-03
-4.016290655411158123e-03
4.042198301721716507e-03
-3.979181831884301933e-03
-3.709327418713395230e-03
3.826962209859996293e-03
-3.734836417450392021e-03
-3.727191943241056800e-03
-3.618286902109026874e-03
3.622896716784124258e-03
-3.494416327400176169e-03
3.420807475802783125e-03
3.397937736021380741e-03
-3.193943481131663025e-03
-3.309328830712346837e-03
-3.270172002373930489e-03
-3.212069576737603110e-03
3.209066173427207059e-03
3.216801869539777023e-03
-3.041275535460193948e-03
3.022106878491758169e-03
2.988930728484229856e-03
-2.907741892665972102e-03
2.977607475214737089e-03
-2.607048727714543403e-03
-2.854972051858658318e-03
-2.863609448990002762e-03
-2.845128496552987250e-03
2.893157001285119947e-03
-2.658561713518662814e-03
-2.551800307922548906e-03
-2.232029097268881709e-03
-2.201001442077122911e-03
-2.251514512375665366e-03
2.238717592041702866e-03
2.204142226724148217e-03
2.199987428967898565e-03
-2.129135066181739658e-03
2.077047401610111754e-03
1.942895525196885803e-03
-1.894783192666023037e-03
-1.876810007926498457e-03
-1.850837920167963885e-03
-1.769338238833446800e-03
-1.794169928380435217e-03
-1.527575928929834296e-03
-1.577725580138430008e-03
-1.633545546670792320e-03
1.641314727982916624e-03
-1.567656259727025865e-03
1.621751999268209463e-03
1.628585941885352800e-03
1.630619980338142948e-03
-1.365238680150441565e-03
-1.309497508991035262e-03
1.355608747757503819e-03
-1.283575998018773433e-03
1.261373720600511648e-03
-1.250301285414022814e-03
1.266677953996467668e-03
1.243923489360456314e-03
1.224709899770356786e-03
-1.138106743480671833e-03
1.188676292894582341e-03
-1.083046255728896878e-03
-1.057812785753835250e-03
1.133559948968556426e-03
1.119313841367349091e-03
-1.027223413625890768e-03
1.105441607841975513e-03
-9.695366537595325211e-04
-9.958410800244943233e-04
9.658616061899426850e-04
1.030897864640142056e-03
1.047449476480340202e-03
-9.285302823079908969e-04
-9.071524867970556186e-04
-9.514938551525400131e-04
9.526394487738563174e-04
9.375272346633687715e-04
-8.523622178023956483e-04
-8.289564602598384303e-04
8.846118208574563256e-04
8.454232511114379445e-04
-7.251604543267194504e-04
-6.805009884412884609e-04
-6.911685727830690559e-04
7.398114666091256276e-04
7.485499189172442093e-04
-6.420118300912073086e-04
-6.332670960877720369e-04
-6.684320754614653639e-04
7.250179627668184180e-04
6.855105916188764621e-04
-5.964111864251061797e-04
-6.180734428861187459e-04
-6.436854953321568705e-04
6.947567399339731834e-04
-6.252349603567790293e-04
-5.994111904755552479e-04
5.507898653195844206e-04
6.496519561110074281e-04
6.073192382152112732e-04
-5.555469840224122428e-04
-5.242610007455998037e-04
-5.350456885394944606e-04
-5.464260204410283485e-04
-5.542399560230093373e-04
-5.248221738077627624e-04
6.179265833002458653e-04
5.844443276690604403e-04
5.997931033871908933e-04
-4.892317827724606931e-04
-4.891751095360757440e-04
-4.790167090691948757e-04
5.587439130106324836e-04
5.233555252457068249e-04
-4.490376259424074478e-04
-4.980565201686001182e-04
5.153989650362721673e-04
-4.351267411507268716e-04
5.041206619598486349e-04
4.862430682595193202e-04
4.673266769137916256e-04
4.748996212270763261e-04
-4.138682211305320870e-04
4.721426397611628765e-04
-3.812268830802912093e-04
4.394085812453743869e-04
-3.829912058383244731e-04
4.123058438661300943e-04
3.930698314636412241e-04
-3.526902057111219236e-04
4.073384600641182939e-04
4.308558144262627111e-04
4.089321142939923823e-04
4.228247621136872920e-04
3.782537421567168856e-04
-3.441243254877337306e-04
-3.120260045814070011e-04
-2.995491822470186115e-04
3.560185107441777913e-04
3.384879133212986358e-04
-2.820429218301485452e-04
3.477516085231986123e-04
-2.592644235017047233e-04
3.098718679807452498e-04
-2.553716404341239781e-04
3.450112252315828900e-04
-2.608430024328477832e-04
2.989470342989080428e-04
-2.014444227688523201e-04
2.706973261384681474e-04
-2.033035076258410487e-04
-1.935688199851996684e-04
-1.956920460968177380e-04
-2.201138006912756499e-04
2.411346921263468482e-04
2.622818278631310800e-04
2.451666095218969343e-04
2.322450825083866347e-04
-1.656399654930438355e-04
2.409060541041120195e-04
2.500922375467076633e-04
-1.660367481138777794e-04
2.241264966533318252e-04
-1.734244872928518335e-04
-1.734680474526321828e-04
-1.742228695406047216e-04
-1.348928732174635155e-04
1.978253103014789808e-04
2.273717938455912884e-04
2.155683692327649888e-04
-1.474251125556669273e-04
2.088908370177728149e-04
-1.299518371513139583e-04
-1.339494194811243844e-04
-1.051540640692317618e-04
1.999496702888891371e-04
-1.314550792043327025e-04
1.957973371290129886e-04
-1.732262587165808308e-04
1.928102842852570567e-04
1.608570765801475865e-04
-1.011149284183905146e-04
1.633828362941471349e-04
-1.155157452394300704e-04
-1.392468041455661499e-04
-1.055401331301021530e-04
-1.120965884167256688e-04
1.771306552089443713e-04
-1.156235787556058323e-04
-1.038740368229913269e-04
1.628658069221456046e-04
-9.655743623020636706e-05
1.443881245727241392e-04
1.534204215222491579e-04
1.385577907697586289e-04
-9.314777277061112709e-05
-1.035472916633593473e-04
1.364794813221837213e-04
-7.175524842481279149e-05
1.327118434874699038e-04
1.513650700284988808e-04
1.173295755780864549e-04
-7.126387483985729347e-05
1.074477348435768742e-04
-7.093350616164011471e-05
1.084985227528097662e-04
-5.467583662135796016e-05
1.194340372642850367e-04
-3.067362855836405154e-05
1.336592730920684383e-04
1.131833470273524146e-04
-7.138020853337001287e-05
-6.939689265217038622e-05
-3.802949620303823735e-05
-6.658633234799259419e-05
1.178134312477157383e-04
-3.800216354692709941e-05
-1.528769152256486565e-05
-6.161721517809085698e-05
9.245249305501068054e-05
1.138121814830956555e-04
9.962908237975134039e-05
-7.382637512444122888e-05
-1.735101538797095768e-05
8.793134029739297535e-05
-9.643833065781797731e-06
-3.768236249590342104e-05
9.647414208610015373e-05
1.021291572463045165e-04
9.889257642929194080e-05
8.887400627775251811e-05
9.032433804555053416e-05
9.746459597178184033e-06
8.276399157759788345e-05
-4.921324614096347807e-05
-2.039403648614637778e-05
1.154823065488041122e-04
9.032909442004907221e-05
9.269477696881519050e-05
-2.205718939453315026e-05
7.691637640035780209e-05
9.228226854683160417e-05
-6.657705247950033730e-06
-1.071101740582849897e-05
-3.476325032047559619e-05
8.496702328278654822e-05
8.031805647442597841e-05
-1.123729552978089169e-05
-2.603946105889729109e-05
1.004599819211721606e-04
-8.590215324804408172e-06
8.073689427208142935e-05
7.934528991571763328e-05
7.270895728357244835e-05
5.722700683951787023e-05
6.197737568991875626e-05
-3.253603483274737190e-05
7.347356445274187560e-06
-1.000888319168860784e-05
7.210242150991642970e-05
7.681968729581173209e-05
7.272617020309427526e-05
7.894631495288806919e-05
6.107454595618459530e-06
9.379266862495309204e-05
-2.914426168466666504e-06
-8.096758729673705897e-07
-1.478496264045015471e-06
4.854976326276074284e-06
6.747705836150190157e-06
2.694303494777078477e-05
4.056168731335116459e-05
4.456237555894900225e-05
5.724644173895737767e-05
8.229318573161162906e-05
6.947485874902327278e-05
7.422488417880880867e-05
4.598787250522614115e-05
3.626820772352647889e-06
-3.127207583344807014e-05
1.331144744370726148e-06
5.327192183296044836e-05
5.202870263723329887e-05
6.658658368461634872e-05
1.675246207416893773e-05
6.056296793027092149e-05
6.687101598797906533e-05
4.712254196776232220e-05
-5.919079710941241739e-06
7.428146567116176286e-05
2.107539265740509922e-05
5.049580349747488450e-05
5.126780207195150114e-05
-3.115430420920905233e-05
1.988869772204021188e-05
2.346995131564342260e-05
1.291143861873681434e-05
2.438480464973055925e-05
-2.009774550378648732e-06
5.580593061294760891e-05
2.851407448059962399e-05
6.790117441257180020e-05
1.578578931143050491e-05
4.269650726316507233e-05
3.348560858290311590e-05
5.747073899752126161e-05
7.848372455375398046e-06
4.930760530180155489e-05
5.754781091466210811e-06
-1.996833155820029387e-05
-1.713899309505510519e-05
7.703415039612209153e-05
6.001248230852626147e-05
4.543911581960915553e-05
5.312122246915400818e-05
2.818615290107716274e-05
2.535901924374695540e-05
1.434005548877445369e-05
5.753793589982038532e-05
2.801284597937665833e-05
2.383268799202576437e-05
6.491880053492741435e-05
3.679206998820253282e-05
2.360735328331386759e-05
-5.419757166486120490e-07
1.664313004073527676e-05
9.851456265335205344e-06
6.464993830255494063e-05
4.709283178179363171e-05
5.973371888852022419e-05
1.794834850491859997e-05
5.176952992874414783e-05
5.755685134102004236e-06
2.703274929819549294e-05
3.880967792411093209e-05
7.483640441526686219e-06
3.994200674854795334e-05
2.511174777064109967e-05
4.081542520679904589e-05
2.425653788341498946e-05
-9.153085223538055606e-06
3.860910920124859826e-05
1.902970177868606999e-05
4.232588955776085248e-05
4.502112186307235544e-05
3.179769989564600388e-05
4.158208834092542500e-05
3.652393380300183144e-05
2.842715348384677740e-05
5.605049123197054035e-05
-6.859010577210641459e-06
1.857245728492306020e-05
2.416791914489795008e-05
2.060455744382611625e-05
2.295792693508752477e-05
1.270889156867485942e-05
1.247076381229699740e-06
5.256045854220291766e-05
1.667607146060391809e-05
3.716430475436098021e-05
4.679178111135326992e-06
4.552834125081372792e-05
3.870137797929406443e-05
1.287990684741486412e-05
9.477980069184212882e-06
5.553912094184038919e-05
4.900932879574826183e-05
6.627511357659264123e-05
1.043474252272296983e-06
4.716423042477454480e-06
1.422476071993323472e-05
3.627905856572228194e-05
2.740639076794955861e-05
2.516205274489317732e-05
2.276381658822243349e-06
5.142834999109492612e-05
9.987713040245830111e-06
4.646276271982485598e-05
1.467635996777020276e-05
8.805357975646009293e-06
3.407642876648460780e-05
2.015025720482997306e-05
3.068276282994994588e-05
1.684047725336085205e-06
4.289085454137866923e-05
-5.177959718458511648e-06
-9.309513115176099642e-06
2.656009122134289445e-05
1.307170731228313769e-05
3.047606058909341204e-05
3.530076714364268877e-05
2.603095163302137369e-05
2.536288339227706594e-05
2.457677753554490756e-05
2.781958372926883572e-05
2.524728529347567633e-05
4.463265503860549237e-05
2.988655468106048377e-05
3.552753762863823726e-05
4.446651162641591335e-05
2.621737704610437381e-05
-1.630566348978171233e-06
2.416680208276949062e-05
4.217183065603184614e-05
1.863818580349003903e-05
5.049936959565807306e-05
2.156061850750247793e-05
2.957809618485556882e-05
3.029070718325463997e-05
4.435896230416221575e-05
5.462165535423652680e-05
5.522497913242815643e-05
2.613959653851144732e-05
2.220774087592183627e-05
4.301094358816376394e-05
4.926480430862878777e-05
2.452027664228396300e-05
4.413767786570720449e-05
5.072879394030798712e-05
3.339981392958488724e-05
2.936318701251997853e-05
2.669164449980547933e-05
3.313019186706926640e-05
2.994258205158400428e-06
2.892552747553637864e-05
3.600188565276005626e-05
-5.168217627812978425e-06
1.096813949450831673e-05
2.442694423310684697e-05
8.906518687342756862e-06
3.361997489173427302e-05
2.653879081622979120e-05
5.197841397284931625e-05
2.239056433532558537e-05
2.830589615572164246e-05
2.362780279007508388e-05
3.254821337684723852e-05
2.208242021981517887e-05
3.891668021453562894e-05
6.009695339270208130e-05
3.153572871361179386e-05
4.853794526832403013e-05
4.077264442278980434e-05
3.278502449843896812e-05
2.673192579038554439e-05
5.129243177906394902e-05
2.530617077792329835e-05
6.542521682754907063e-05
3.338449291789880350e-05
3.574071365016652247e-05
2.681660577767597562e-05
5.373098398820589354e-05
2.647126095014436760e-05
4.027361917094036156e-05
-7.611061503089752108e-06
2.020137924531177189e-05
2.175261980246928457e-05
7.790325823241977778e-06
4.643586260289008259e-05
2.779388110152678157e-05
4.365255172616453941e-05
6.503343536439973068e-06
-4.120601013100412640e-07
2.126530616637897954e-05
1.906149127213764799e-05
8.499930034790762037e-06
1.887470249141328234e-05
1.152720781775426020e-05
-2.007344789622574704e-06
5.476933934209338948e-05
2.408621386538022853e-05
3.753986623800676785e-05
3.390343288322537646e-05
3.124454000848031585e-05
1.033708576623635515e-05
-5.044243334524255572e-06
3.780724527178198240e-05
2.803884733738479186e-05
-2.818246876319316780e-06
3.771318046679031827e-05
3.966767880986722813e-05
5.093020788460679500e-05
9.726106348129187439e-06
3.830572460998272729e-05
3.724402713156037644e-05
2.123047448522580368e-06
1.466765222258157186e-05
1.004984502810326367e-05
1.402849814220716632e-05
2.516771240428627017e-05
2.014468303093586645e-05
3.859886894693986657e-05
2.738357091553688031e-05
1.840957721847820774e-05
-7.107749037347226384e-06
2.706384230047935934e-05
4.364212444493544230e-05
3.030908160540438722e-05
4.324856624242624873e-05
-4.265335417426379122e-06
4.928879353189052654e-05
5.112266905887290252e-05
5.051246533432403188e-05
2.127858633516560929e-05
4.795024218642892472e-05
2.606194757070100178e-05
5.706352449576414113e-05
-6.392134668077277241e-08
3.875304125181249225e-05
1.513781238292594038e-05
5.120158202507699852e-05
2.036290579749979354e-05
6.161548038482823375e-06
4.400970360798779613e-05
5.041387186631465203e-06
3.465218512394693324e-05
2.827901549020916025e-05
9.230967043182032667e-06
1.074449476173692814e-05
2.756032619472036779e-05
3.510048958182588491e-05
3.930893820681194011e-05
1.467755750611370792e-05
3.162305481111650024e-05
4.472919209520496173e-05
2.707903008896864923e-05
1.092211722046910866e-06
1.296566444923465895e-05
2.725784816916380587e-06
4.738619735461596313e-05
2.594332112014337369e-05
3.958083642159967606e-05
2.832536307689614835e-05
1.040616923122360344e-05
3.502213702875140773e-05
2.619339229965976574e-05
1.960524352335118615e-05
2.048218710032030505e-05
1.780049732657813208e-05
5.005123984833249179e-05
6.459927253698169371e-05
2.561226589969610909e-05
3.226037954440985704e-05
2.721084482502035407e-05
3.508693553258978058e-05
4.595588687967168808e-05
3.685801301307335795e-05
4.333853087682878867e-05
3.036115687207197259e-05
2.702001389620595868e-05
5.013895363082835699e-05
2.946540563747398523e-05
2.917620340628438298e-05
4.645218022042366931e-05
3.914835910149682129e-05
1.509291805791358572e-05
1.250490773473820849e-05
5.205983276883767100e-05
4.148500042692768544e-05
-3.054415773303445605e-06
3.845737906770470347e-05
2.898660169758890572e-05
5.236571603025711076e-05
-9.504132254561175092e-06
3.385862530115287070e-05
-1.259587336169561798e-06
2.995569718432967722e-05
4.660084346799760924e-07
-2.434324647915584884e-06
3.974641267471468777e-05
3.590685637424513598e-05
1.915268347191608254e-05
3.830611589936461811e-05
3.728940161876173302e-06
3.134954877182580658e-05
3.583021609927886661e-05
3.987613833046952478e-05
3.645860103834618402e-05
3.913015388091687226e-05
3.144670863437777050e-05
1.248421035238751769e-05
3.356496654800701499e-05
1.875742847379526613e-05
4.681666207317150823e-05
2.390128995956108211e-05
1.154665040929127761e-05
6.161939331960617400e-06
4.251499083366531859e-05
3.791120709887837379e-05
1.502345478844402243e-05
1.180667025200152726e-05
4.636036264656433849e-05
1.507274726885804995e-05
1.863689967905232930e-05
4.077247903040566955e-05
1.961203272917157420e-05
3.425255233523212013e-05
3.009548937504732732e-05
3.404707473118400395e-05
2.570145780187501217e-05
2.011422111241549420e-05
2.353636427114863159e-05
3.108323035460090696e-05
2.742932856176147485e-05
1.420377867672804049e-06
3.077793446141955668e-06
2.260500846752968432e-05
2.422719932241917942e-05
3.096225232170314931e-05
2.276668923439465020e-05
1.832084202946901219e-05
4.094197791329052654e-05
5.381664828136043199e-05
3.454045000224866474e-05
4.095467866397818629e-05
3.356385009616744066e-05
2.053540408642572356e-05
2.446714562908946378e-05
-1.237675646866632639e-06
2.135045668230498285e-05
-9.409657585287611382e-06
3.022039234780172414e-05
3.992076303476691234e-05
2.327095322242915727e-05
3.728921538234979458e-05
3.816271428404873601e-05
4.010437188272087370e-05
1.926608726678641614e-05
3.052360185988335493e-05
4.146439337142809086e-05
7.713464582739821218e-08
2.814818553924169775e-05
3.870259184798515098e-06
1.167397860864203474e-05
2.823230872598504350e-05
1.404031328589847906e-05
5.302564003134582852e-05
1.220054866366888533e-05
3.180134332439413795e-05
3.549439163092387377e-05
2.076298207372784331e-05
2.618461652569183587e-05
4.091627147226690661e-05
-1.869429843423812799e-05
5.309399870250626816e-05
7.713653551116103765e-06
4.204210689667804799e-05
3.111048495107715100e-05
2.951291763487686902e-05
3.713313911541192395e-05
5.199067506159299863e-05
4.476593024101740417e-05
8.450929952383632308e-06
5.473359541421958930e-05
4.783091313362292226e-05
6.459069041300212228e-05
4.810750499831855162e-05
6.658907450293236985e-05
1.120970287012462146e-05
3.913449781071741380e-05
3.099247797650648238e-05
3.381860889642902574e-05
2.811422229917397104e-05
1.263855515193239443e-05
3.109646048379473992e-05
2.701939621422257406e-05
-6.008784005934966262e-06
-1.882309167097189905e-06
9.641389211038753095e-07
3.052269683013600273e-05
3.240871800361103984e-05
4.654575597103054191e-05
4.162236603121065363e-05
2.888612476339071641e-06
4.572285913549032987e-05
-8.979252777571923271e-06
3.487037590154305023e-05
2.792597780333173283e-05
2.955467175323902131e-05
4.353763504152824030e-05
2.365795723768183452e-05
4.613656528013284947e-05
3.501264209281719855e-05
1.524019111245902849e-05
1.701254457593546549e-05
5.225726726096581118e-05
-5.717776368191439139e-06
2.962259341659776193e-06
3.908915566882703935e-06
3.463268347364847584e-05
2.844079441528328365e-05
2.813840362007849859e-05
5.201381112147094519e-05
3.013024989815470158e-05
4.520423134316893548e-05
3.568481353101967759e-06
6.592006862908811571e-06
4.376912921165586112e-05
3.578614347705341172e-05
1.981478009734474041e-05
4.749189135359990809e-05
2.610920898922135865e-05
3.246015284377049486e-05
4.057708833022394837e-05
1.769105444584154982e-05
1.922533872838553325e-05
1.032615636061014113e-05
1.593259037100869103e-05
6.305857554770949935e-06
2.111242903787989344e-05
1.752675663735443648e-05
5.271586496588915531e-05
3.891938976202691144e-05
1.641153443977554210e-05
2.047515125996770589e-05
2.572230325095889542e-05
2.265256941092044229e-05
2.107369036509759770e-05
3.930414376503212092e-05
1.101889291231088839e-05
3.011446093824914777e-05
4.450180613181945952e-05
3.836115993065609449e-05
2.104637218798789263e-05
1.704320061137661746e-05
1.125964847023643528e-05
1.372979143573559198e-05
1.575528133862664600e-06
5.634174760953813429e-05
3.950781735513181879e-05
-5.866484314306441411e-06
7.957744042901521251e-06
5.098410932403403615e-05
4.616330152426186261e-05
6.826530281794460825e-06
8.146674745110168961e-06
4.192720107846063826e-05
1.608315228874692229e-05
4.172548160470413288e-05
4.428195624087853178e-05
1.229936163088246462e-05
3.104039344039770067e-05
2.508908428325210994e-05
2.450271308107760978e-06
2.702721861455236813e-05
1.628979472538848373e-05
4.216555295012039108e-05
2.988751331792827406e-05
-1.749853052240940047e-05
2.921071456289520265e-05
3.436814331126589693e-05
3.012080245416437553e-05
3.129778950782856144e-05
2.992253932489306002e-05
5.573001502531478352e-05
3.701941800308781040e-05
4.019690433014068529e-05
4.315161090037742482e-05
4.877434025071725394e-05
3.904800099341195960e-05
4.704991514911661921e-05
-2.363683082633985272e-06
3.067901756897164323e-05
4.893043113591710876e-05
2.053145556648103067e-05
1.301080247611584710e-05
2.836162810956102451e-05
1.822105429983498416e-05
4.110906466826264304e-05
2.480360494943463807e-05
2.871868240250501916e-05
5.199609112970652501e-05
8.563658390922860076e-06
1.182934791119955950e-05
5.174155615801392251e-06
1.065039041084459632e-05
-9.951407896446287659e-07
-5.406237887332951618e-06
3.286899582564704539e-05
1.993820727279059014e-05
1.563640472287224646e-06
3.041845890670901234e-05
3.053670612211423105e-05
3.298207821945272852e-05
2.428076483262955640e-05
5.467113993638924376e-05
2.822930405261842040e-05
2.746906221431954961e-05
3.303298921876086512e-05
4.354211292359551393e-05
-5.117864989589279659e-07
1.860687549330770466e-06
5.793658652073013863e-06
2.261213612973635536e-05
1.961009406255777494e-05
4.638446234440222641e-05
3.458093691922448592e-06
4.446909305829592284e-05
3.250763052163928659e-05
2.873262785580817861e-05
4.684046054634108630e-05
3.885520257924144716e-05
-3.752959371211322443e-06
3.144758657794789525e-05
2.487529928762079398e-05
3.587551881404963495e-05
5.028488692104846020e-05
2.566236351498733689e-05
2.480305158125055168e-05
1.858974805928485975e-05
9.548731969371818302e-05
5.178463035581290746e-05
3.243916195752029693e-05
1.334152977482794240e-05
4.988793378386128846e-05
1.931576655566930649e-05
1.263359609598917139e-05
3.879108230295907325e-05
1.602490882820786859e-05
2.853035802435302960e-05
-3.792088182428017805e-06
5.481319674123274658e-05
5.306986502918976755e-05
2.729892784867613120e-05
2.600617493639705501e-05
4.955235518820136321e-05
5.286274953674322197e-05
1.784043218605740425e-05
-2.073686849219487188e-06
-5.107655839534261616e-06
6.526676899847785823e-06
5.210266801601016025e-05
2.615278238284998017e-05
3.123505226084808941e-05
8.050264808818618440e-06
-2.584078256455230514e-06
4.254955440139419990e-05
4.320927342733503972e-05
8.364595947046209187e-06
2.690961971026002255e-05
2.948383745135445375e-05
4.810857275402006167e-05
4.799514673070820351e-07
3.784231851674494263e-05
7.284946461817987378e-05
1.204335070214127394e-05
1.197631611211056449e-06
3.646713933211520343e-05
1.327019712906063875e-05
4.530928195431008139e-05
1.441257578948202065e-06
9.883430750045560262e-06
7.707400580336095985e-06
9.641345753554958806e-06
3.104238713540874412e-05
3.139054953156454299e-05
2.240843194737025969e-05
1.812059612894812815e-05
-1.911242676491921822e-06
2.776392611189254552e-05
-7.633445883662695860e-06
4.252032391068207565e-05
2.518585673523812552e-05
2.607446396909005742e-05
1.543142302974312717e-05
3.488302303282256821e-05
9.192226387984828222e-06
1.288076348002474444e-05
3.737658806660480720e-05
3.721498227925900326e-05
1.108342789832316237e-05
-2.111497694483013260e-06
-4.304336936307411726e-06
3.988364239346680110e-05
-5.917356124057090826e-06
3.331631877925650219e-05
2.332353877661970330e-05
2.062695336664122222e-05
1.735078248698664532e-05
-7.920040108782389716e-06
1.051348593510999202e-05
2.867298080865231236e-05
1.113700699872498442e-05
2.414376288679675331e-05
4.781079353101177890e-06
3.495293696581965568e-05
3.112180041152689581e-05
7.630604631324224701e-05
-3.794176042147116647e-06
-1.261085872678183113e-05
3.432011674203015630e-05
3.504583674980653562e-05
3.988359754337749433e-05
2.995959412052781514e-05
3.277924522652001795e-05
-7.651748881533235736e-06
-2.002708871404991438e-06
5.586187087190041075e-05
5.083666046942620612e-06
3.341210952627399384e-05
8.059335008263233282e-06
3.048853752759567661e-05
4.893361599605348949e-05
-1.500155371571017995e-06
2.373834728730663134e-05
4.351075742746019221e-06
5.808117300167936307e-05
2.006155963255321703e-07
-3.139230302670003025e-06
-6.291507615100712236e-07
3.493397150960259566e-05
1.206952242085850202e-06
3.236416104138004388e-05
4.071377007918628216e-06
1.570253526617126395e-05
-1.122237566630455868e-06
4.349605077598375869e-07
-1.897382241755316316e-06
7.888609915744898586e-07
-8.128055531582568290e-08
-4.903291799717236718e-07
-4.427688059108670374e-08
3.477051710806889007e-05
-1.194231888427652734e-06
-9.037167374319140284e-07
2.531279317008275229e-05
-3.494989615843587022e-07
-1.381233492041554327e-06
-9.895139220154595265e-07
3.909296623071620324e-05
-1.894431769414428831e-07
2.132681219034612663e-07
2.404374974757689044e-06
3.746725417688360633e-06
-3.543851637797722999e-07
6.934109373038944285e-07
-9.229098518831192366e-07
3.081966658890230101e-07
-1.582093945279315908e-06
9.400340648913324798e-06
3.434095605136208951e-07
-1.679023098152703759e-07
-5.118125488738136343e-08
9.938931453547751111e-06
-7.047741395473324772e-07
5.790476822901573260e-07
3.205062336881463445e-07
-2.154184207290838131e-06
-1.552697402743390286e-06
-1.552697402743390286e-06
-1.055307245889564169e-06
-8.548380328829154118e-08
1.302479196852039808e-07
-1.024111088400288772e-06
-2.046857234986743804e-07
-1.288298028682252701e-06
-5.452102149797244487e-07
-8.345772200727769650e-08
-3.617019786781620447e-07
2.028463947128195066e-07
4.090348050941331706e-07
-7.943565324079078206e-07
-1.513204715993907853e-06
-2.041447822708391117e-07
2.638455266569179839e-07
-6.640213823709240623e-07
-3.252182086462185955e-07
5.790556570046671188e-07
-1.738932250049665013e-06
4.462534325756643808e-08
1.794166752912194135e-07
-5.301787628428351273e-08
-7.573688357834783389e-08
-1.349927830704092043e-06
3.161984706719482669e-07
-1.109392173380807383e-06
-2.611632725953261181e-06
2.432039222529110614e-07
-1.213180526885195345e-06
1.948290296112385125e-07
-1.944428437189573858e-07
6.857693340327417229e-09
0.000000000000000000e+00
0.000000000000000000e+00
0.000000000000000000e+00
0.000000000000000000e+00
0.000000000000000000e+00
0.000000000000000000e+00
0.000000000000000000e+00
0.000000000000000000e+00
0.000000000000000000e+00
0.000000000000000000e+00
0.000000000000000000e+00
0.000000000000000000e+00
0.000000000000000000e+00
0.000000000000000000e+00
0.000000000000000000e+00
0.000000000000000000e+00
0.000000000000000000e+00
0.000000000000000000e+00
0.000000000000000000e+00
0.000000000000000000e+00
0.000000000000000000e+00
0.000000000000000000e+00
0.000000000000000000e+00
